1046 20308.617188
189.800156 107.000000 1.000000
8484.341797 3218.422852 0.500000
8067.482910 7369.470215 0.500000
3442.166016 6218.542480 0.500000
5626.400391 3884.611328 0.500000
3737.345947 4173.542480 0.500000
9243.291016 5155.086426 0.500000
1508.829834 4924.425293 0.500000
2520.172852 1154.783325 0.500000
1659.371948 3271.078613 0.500000
1181.377563 8069.869141 0.500000
5216.632324 6787.375488 0.500000
3050.834961 5169.856934 0.500000
5023.424316 7860.019531 0.500000
7797.060547 4280.628418 0.500000
4091.262695 7208.023926 0.500000
3614.267090 6535.489258 0.500000
791.420410 7671.849609 0.500000
954.184814 1596.016113 0.500000
8984.050781 2853.365723 0.500000
294.834198 3726.556396 0.500000
2474.172852 7842.838867 0.500000
8591.503906 2193.492676 0.500000
3841.416504 6154.496094 0.500000
6762.254883 4319.641602 0.500000
4464.798340 7531.476562 0.500000
7293.752441 2334.954590 0.500000
6485.215820 2894.740479 0.500000
1752.185181 3585.338623 0.500000
8374.638672 2704.455566 0.500000
9015.402344 2865.140381 0.500000
9645.425781 4777.337402 0.500000
8668.954102 3580.968262 0.500000
4073.369629 6592.004395 0.500000
9191.137695 3925.487549 0.500000
9583.359375 7437.528809 0.500000
8892.481445 5198.171875 0.500000
6281.694336 2309.001709 0.500000
3164.928223 3640.944580 0.500000
1967.455444 2270.283447 0.500000
4253.748047 1414.596924 0.500000
1125.084839 1065.254639 0.500000
7688.396484 7956.131836 0.500000
6929.219727 3128.586426 0.500000
3776.079102 2414.136963 0.500000
5931.134277 2014.912231 0.500000
7405.548828 1060.436035 0.500000
1733.490479 6032.698242 0.500000
9581.878906 475.047302 0.500000
1854.398560 1980.000488 0.500000
7410.600098 5322.423340 0.500000
6480.019043 6150.372559 0.500000
1441.927490 4228.186035 0.500000
792.929382 1695.857056 0.500000
8279.541016 4654.381836 0.500000
613.519531 1319.902222 0.500000
2135.161865 7195.394043 0.500000
10058.122070 487.312042 0.500000
817.117554 86.896912 0.500000
6025.031250 1500.987427 0.500000
4006.005127 7380.539062 0.500000
3680.538818 4487.192383 0.500000
4613.959961 5569.784180 0.500000
5395.123047 6130.782715 0.500000
10002.499023 4683.693359 0.500000
7561.924805 5100.502441 0.500000
7561.860352 6740.239258 0.500000
8814.688477 6722.576172 0.500000
7522.002930 7303.014648 0.500000
6753.832520 4043.999512 0.500000
8382.734375 7187.313477 0.500000
6582.353516 2044.054077 0.500000
2382.878418 5675.975098 0.500000
3377.804443 1910.709351 0.500000
6416.251953 1848.342773 0.500000
5194.201172 7849.512207 0.500000
5547.885742 5825.630371 0.500000
4802.755859 4808.632812 0.500000
4597.401855 2752.717773 0.500000
4433.601562 79.432465 0.500000
6070.854980 6740.277344 0.500000
6839.662109 3929.176025 0.500000
3139.943359 5768.000488 0.500000
6303.924805 381.436035 0.500000
7044.436523 5461.840332 0.500000
3560.921387 1535.095337 0.500000
6357.196289 5917.603027 0.500000
7488.325684 1676.257568 0.500000
6932.330078 5294.871094 0.500000
5411.429199 756.840149 0.500000
8855.753906 5559.652344 0.500000
1206.009399 2955.347168 0.500000
6018.234863 5402.616699 0.500000
7841.090820 2367.744629 0.500000
1989.601440 7953.014648 0.500000
8356.565430 2713.619629 0.500000
4453.409668 7746.561523 0.500000
7732.293457 5663.580078 0.500000
6942.607422 3133.751465 0.500000
9511.455078 7406.590332 0.500000
2127.369629 6422.596191 0.500000
3063.384521 7315.583496 0.500000
8821.754883 4051.104980 0.500000
1720.058472 2251.637207 0.500000
5011.600098 3774.388672 0.500000
5047.333008 2389.202637 0.500000
6926.557617 5892.090820 0.500000
6117.061523 4005.184326 0.500000
7326.700195 1483.615356 0.500000
5072.775879 1026.601685 0.500000
3693.991455 2660.076172 0.500000
9166.300781 5045.815918 0.500000
8264.067383 4034.497070 0.500000
4032.335449 5340.620117 0.500000
2680.129395 1267.120605 0.500000
1171.786621 5247.339355 0.500000
2973.328613 2712.871094 0.500000
4361.852539 7552.819824 0.500000
2745.584473 5339.941895 0.500000
4961.954590 1315.608765 0.500000
6342.292480 4208.160645 0.500000
5662.253906 3473.750000 0.500000
4032.946777 2014.224121 0.500000
7377.705078 5178.699707 0.500000
3472.322998 7256.420898 0.500000
4196.699219 96.903595 0.500000
7827.300781 2410.266602 0.500000
8737.438477 5839.571289 0.500000
4579.303711 7969.898438 0.500000
2200.608154 3856.499023 0.500000
1032.705078 852.463379 0.500000
3108.064697 5326.887207 0.500000
1409.972168 466.853973 0.500000
4665.281250 6319.968750 0.500000
4513.952148 1009.368042 0.500000
5872.684082 4305.941406 0.500000
3708.711914 2495.390869 0.500000
4853.692383 1416.307617 0.500000
5344.589844 5020.376465 0.500000
2428.003906 6712.711426 0.500000
1081.811401 7466.415527 0.500000
4905.103516 1863.064575 0.500000
2998.882324 2919.974365 0.500000
3532.314453 6593.142090 0.500000
457.636414 2119.687988 0.500000
6345.276367 6763.232422 0.500000
2301.722656 1642.615234 0.500000
1190.602783 5467.207031 0.500000
7278.869141 1661.327637 0.500000
3246.808594 3536.418701 0.500000
3946.673096 4329.588867 0.500000
5640.657227 170.499237 0.500000
3910.915283 2504.399170 0.500000
2695.493896 5267.013184 0.500000
9277.198242 5558.540527 0.500000
7063.053223 2556.902588 0.500000
154.858932 4330.502441 0.500000
6270.213867 5211.107422 0.500000
4096.059570 2959.788574 0.500000
8101.998047 5492.943848 0.500000
423.339752 563.573792 0.500000
1968.287231 5020.640625 0.500000
5764.806641 62.531975 0.500000
3142.770508 2152.602051 0.500000
8657.759766 1507.318726 0.500000
6758.427734 7107.550781 0.500000
3222.559814 7155.739258 0.500000
1663.966064 4093.774658 0.500000
6841.440430 7309.464355 0.500000
4034.273926 5719.685547 0.500000
5560.768555 5983.648926 0.500000
2422.638672 7489.270508 0.500000
9415.285156 4021.115234 0.500000
9472.291992 6470.656738 0.500000
6031.073730 5327.537598 0.500000
9439.566406 2657.944824 0.500000
5977.746582 5171.611816 0.500000
7837.637695 6432.653809 0.500000
6129.742188 3829.777832 0.500000
8038.029785 6995.811035 0.500000
6729.209961 3363.672852 0.500000
6055.055664 5234.452148 0.500000
1576.123779 4700.147461 0.500000
7093.629395 4211.659180 0.500000
5237.767578 957.499756 0.500000
5190.836914 442.709930 0.500000
3935.790771 5170.692383 0.500000
1532.588867 3368.449707 0.500000
4156.545410 193.589233 0.500000
5823.620117 6577.399902 0.500000
4555.712891 3884.325439 0.500000
681.263367 649.439941 0.500000
6058.857422 1839.884033 0.500000
6388.003418 7464.689453 0.500000
4716.571777 3572.958496 0.500000
9607.422852 7668.509277 0.500000
7753.684082 2730.393066 0.500000
2283.017334 3885.848633 0.500000
4749.686035 7150.150391 0.500000
1929.833618 3729.262939 0.500000
7748.031738 7314.371582 0.500000
7699.751465 7785.625488 0.500000
4112.732422 4553.795898 0.500000
6307.357910 1586.497070 0.500000
3690.621582 5300.886719 0.500000
2198.697266 4921.000977 0.500000
1191.052124 3051.285645 0.500000
6550.532715 4809.852539 0.500000
6049.479004 525.855469 0.500000
5722.731934 2000.572266 0.500000
3528.224854 126.314316 0.500000
6100.265625 6238.253906 0.500000
9413.812500 1442.343750 0.500000
4964.888184 6435.230957 0.500000
9737.422852 1300.074463 0.500000
8903.885742 2990.874268 0.500000
7560.211914 3871.840332 0.500000
9547.293945 1035.164673 0.500000
6317.620605 5820.797363 0.500000
1932.837891 2318.827148 0.500000
2121.665527 5078.154297 0.500000
1359.717651 1879.603760 0.500000
233.357422 1344.115967 0.500000
4706.541992 5258.074707 0.500000
1101.977051 4982.669434 0.500000
4026.533203 4037.358398 0.500000
3022.334473 2012.151489 0.500000
5748.165039 1583.941528 0.500000
4406.943359 6585.077148 0.500000
3653.455566 8062.208008 0.500000
5322.634766 1666.098633 0.500000
7082.414062 2682.619385 0.500000
6552.446289 2793.895996 0.500000
7750.563965 6500.224609 0.500000
6904.023926 7309.602051 0.500000
7608.549805 2444.414062 0.500000
1982.737793 4797.162598 0.500000
1107.939941 1315.632690 0.500000
1454.589600 4781.176758 0.500000
8977.266602 7641.150391 0.500000
9333.403320 3817.626465 0.500000
5956.323730 1408.418213 0.500000
4851.395996 6598.280762 0.500000
5352.332520 4726.057129 0.500000
2343.922119 2173.479248 0.500000
5468.687500 187.120926 0.500000
3565.215820 1704.356445 0.500000
4098.818848 2518.525879 0.500000
6536.690918 3611.294434 0.500000
7116.354980 2724.958740 0.500000
7675.747559 2124.846191 0.500000
256.435394 6835.610840 0.500000
6093.634766 2633.357178 0.500000
5355.404297 6858.700684 0.500000
2653.386475 641.216187 0.500000
8979.857422 4960.072754 0.500000
8296.051758 7749.128906 0.500000
3529.403809 2942.036377 0.500000
333.178894 94.236526 0.500000
3019.420898 5737.306152 0.500000
5161.485352 3804.953857 0.500000
2001.908813 3934.778076 0.500000
528.204895 730.898254 0.500000
7197.919922 4958.710449 0.500000
9696.320312 7014.939453 0.500000
4847.329102 6130.686523 0.500000
164.597916 4696.865723 0.500000
7521.163086 7457.140625 0.500000
7959.666016 7648.642578 0.500000
2839.796875 1974.049316 0.500000
1043.920898 6046.010742 0.500000
1825.341309 7578.653809 0.500000
1060.282959 7926.896484 0.500000
3505.241943 5610.519043 0.500000
4432.451172 5302.080078 0.500000
6090.934082 1096.557373 0.500000
3869.277100 1152.572632 0.500000
1237.796265 7120.982422 0.500000
2200.410889 5416.812500 0.500000
3213.711914 7622.857422 0.500000
1313.955566 360.575317 0.500000
4081.989014 1751.312866 0.500000
1694.148438 2527.180908 0.500000
149.168549 5268.037109 0.500000
4707.553711 729.081787 0.500000
7942.590332 5548.031738 0.500000
8754.038086 556.458435 0.500000
5357.848145 1474.992188 0.500000
1188.524780 3167.168945 0.500000
6469.545410 5673.725586 0.500000
4155.032227 6653.467285 0.500000
9296.770508 1832.849243 0.500000
3831.370117 3118.148438 0.500000
8162.534180 3161.763428 0.500000
9422.885742 6868.904785 0.500000
7228.642090 5151.011230 0.500000
6332.236328 4085.270264 0.500000
6803.363770 290.046692 0.500000
6083.088867 1168.981445 0.500000
2050.979492 6292.217285 0.500000
7437.129395 1530.302979 0.500000
3220.163086 900.749817 0.500000
1115.719604 3903.711426 0.500000
2089.182373 2362.584473 0.500000
9550.893555 1834.388306 0.500000
7868.004883 7567.702637 0.500000
3036.552734 4555.583984 0.500000
8816.111328 1922.106201 0.500000
6379.177734 6734.750977 0.500000
7816.463867 281.831604 0.500000
6261.581055 6182.705078 0.500000
2933.585205 669.445862 0.500000
1819.564941 1489.867798 0.500000
4518.769043 3092.651611 0.500000
1100.266602 2667.334473 0.500000
6161.910156 889.497803 0.500000
7580.992676 3253.673340 0.500000
4031.452393 2237.819092 0.500000
776.238342 7288.427734 0.500000
8894.173828 5469.167969 0.500000
4804.307129 2400.264648 0.500000
2551.970215 4681.686035 0.500000
1353.833130 6067.781250 0.500000
4946.366211 1598.198486 0.500000
1426.805908 2406.200928 0.500000
123.136162 7282.193848 0.500000
8169.099121 5273.687988 0.500000
1846.434814 412.454010 0.500000
7834.003906 960.038391 0.500000
2164.399414 8031.922852 0.500000
6764.097656 3791.823975 0.500000
9004.931641 5766.545410 0.500000
2026.962891 6778.336426 0.500000
6821.411133 2652.409424 0.500000
5412.159668 3722.848145 0.500000
7255.202148 3745.541260 0.500000
153.245514 2209.690918 0.500000
7018.340332 3617.381104 0.500000
6616.100098 1812.218018 0.500000
5230.803711 3475.452881 0.500000
598.815796 810.417053 0.500000
8872.016602 7971.315430 0.500000
2933.491943 1499.094116 0.500000
4478.307129 6905.120605 0.500000
7945.131348 3153.546631 0.500000
4354.131836 883.206604 0.500000
9757.518555 930.098206 0.500000
1685.786133 6494.395020 0.500000
4045.885742 3710.415283 0.500000
7533.956055 7838.087891 0.500000
978.872864 218.079529 0.500000
9060.442383 7272.155273 0.500000
4280.135254 1528.502075 0.500000
7867.285156 5051.399902 0.500000
4702.958496 3335.548828 0.500000
6104.261230 6758.648926 0.500000
2114.230225 6499.394531 0.500000
807.064575 7777.972656 0.500000
3934.299072 2928.338379 0.500000
9249.839844 882.029663 0.500000
8837.984375 1592.469360 0.500000
9367.931641 772.981262 0.500000
9764.514648 4136.611328 0.500000
1974.594360 2358.195312 0.500000
2709.883057 6061.644043 0.500000
7302.440918 2866.304688 0.500000
2942.171631 4489.219238 0.500000
9657.819336 5061.578613 0.500000
4417.225098 122.263130 0.500000
3726.791504 7479.991699 0.500000
2737.221680 6481.716797 0.500000
1952.432007 5909.354980 0.500000
164.338959 5655.722656 0.500000
211.534134 7166.413086 0.500000
6477.424805 1243.047852 0.500000
6841.843262 7035.672852 0.500000
5564.021484 1298.994995 0.500000
2321.379639 959.612427 0.500000
8690.001953 4433.419922 0.500000
8650.476562 7352.333008 0.500000
9641.858398 1450.939331 0.500000
2562.920654 2943.818359 0.500000
6364.405273 2999.625732 0.500000
5261.149414 3093.363281 0.500000
7025.537598 197.931366 0.500000
6280.428711 5620.378906 0.500000
9035.185547 1990.854614 0.500000
7323.937500 3780.252686 0.500000
1858.849609 2663.046143 0.500000
6464.520508 1514.072876 0.500000
340.291290 1161.862793 0.500000
2214.445068 3145.384766 0.500000
1389.614868 159.120743 0.500000
7535.415039 4311.181641 0.500000
2561.141846 1856.262207 0.500000
9052.176758 6827.506836 0.500000
4260.461426 5987.720703 0.500000
1018.468445 3772.622070 0.500000
8889.116211 5190.290039 0.500000
2239.130371 2284.487305 0.500000
4670.802734 2481.705566 0.500000
8841.255859 4185.161621 0.500000
6622.820801 5225.710449 0.500000
8070.137207 3180.574707 0.500000
3314.639893 5162.666992 0.500000
8724.052734 4336.536133 0.500000
1089.718872 7684.354492 0.500000
5851.161133 401.616547 0.500000
5264.459473 7469.435547 0.500000
7924.715820 1167.730713 0.500000
2417.108643 4845.335938 0.500000
8273.792969 3849.690186 0.500000
7992.391602 1071.111816 0.500000
7842.410156 7480.726074 0.500000
3004.899414 2043.397583 0.500000
410.495850 953.556396 0.500000
6244.728516 1753.081909 0.500000
9477.485352 6379.328613 0.500000
7352.603516 2509.049561 0.500000
1634.033203 776.790894 0.500000
8676.593750 2643.125244 0.500000
8755.278320 1191.415894 0.500000
3989.630859 7538.547363 0.500000
5659.565918 5740.140137 0.500000
1235.201538 53.876194 0.500000
3167.977295 307.517212 0.500000
444.770935 5250.070312 0.500000
7216.343262 4765.755859 0.500000
4435.864746 2573.696289 0.500000
897.550720 3810.681641 0.500000
8730.831055 2682.698730 0.500000
2556.008545 1617.953735 0.500000
1104.640503 4748.107910 0.500000
919.447632 1195.371948 0.500000
9975.666992 2111.820557 0.500000
1537.441406 4581.620117 0.500000
4204.320312 4862.807617 0.500000
8985.924805 2561.237061 0.500000
1668.114746 6050.025391 0.500000
7390.850586 6695.107422 0.500000
4028.350830 5610.713867 0.500000
3888.021973 7588.681152 0.500000
5163.558105 375.198700 0.500000
5767.251953 1037.878906 0.500000
3461.414795 953.947937 0.500000
1156.045654 2113.303223 0.500000
9151.939453 5416.001953 0.500000
3643.327637 4536.624512 0.500000
3997.995117 5801.000488 0.500000
7488.445801 3639.680176 0.500000
5668.613770 6800.953125 0.500000
7120.193359 1824.445312 0.500000
533.163269 5898.072754 0.500000
9772.653320 2431.882568 0.500000
462.531097 5137.515137 0.500000
3698.697754 5990.347168 0.500000
2583.831299 5244.394531 0.500000
7453.001465 71.228989 0.500000
5457.253418 3208.105469 0.500000
937.552734 1125.220703 0.500000
4681.748535 5604.756348 0.500000
5355.372070 3225.910889 0.500000
5419.533203 3578.138428 0.500000
5883.971680 3331.047119 0.500000
7573.234375 3626.508057 0.500000
397.691559 6522.842285 0.500000
5770.281250 498.170410 0.500000
7830.027344 6411.799316 0.500000
5482.752930 2696.466797 0.500000
301.674164 3373.697998 0.500000
9567.940430 7060.100098 0.500000
7259.404297 3262.886475 0.500000
7154.388184 7542.238770 0.500000
4336.350098 4169.854980 0.500000
4477.642578 2155.114014 0.500000
959.580505 2398.464600 0.500000
4828.508789 6959.709473 0.500000
5171.069336 5151.350098 0.500000
5535.688965 1456.510742 0.500000
9825.464844 1622.692993 0.500000
5463.539551 1211.076294 0.500000
8008.831055 6969.113770 0.500000
4516.232422 4617.750488 0.500000
5409.206055 8026.560059 0.500000
395.106262 3523.924072 0.500000
9811.962891 4218.858398 0.500000
7307.974609 8023.210449 0.500000
5357.272461 4077.875000 0.500000
1332.759888 425.580627 0.500000
596.788879 220.932938 0.500000
3992.012695 4535.652832 0.500000
6120.080566 2870.996338 0.500000
2256.265137 6424.375000 0.500000
7710.398926 2670.427002 0.500000
8301.157227 2911.699707 0.500000
1521.672974 2696.200928 0.500000
7645.137695 468.273346 0.500000
2391.334229 4697.587402 0.500000
3480.589600 5692.442383 0.500000
6315.557129 6095.805176 0.500000
1117.812744 1202.873535 0.500000
7345.594727 6045.248047 0.500000
2207.811035 7782.313965 0.500000
2749.149170 5877.811523 0.500000
3225.860107 4448.094238 0.500000
8020.686035 5594.776367 0.500000
8013.109375 3637.823242 0.500000
7936.738281 5483.442871 0.500000
2882.543213 179.486389 0.500000
8276.512695 5178.963867 0.500000
3893.614014 6001.067871 0.500000
5087.685059 3803.375244 0.500000
9787.459961 5501.499512 0.500000
2443.870117 7634.691895 0.500000
8341.622070 2126.011475 0.500000
7810.522461 470.882812 0.500000
582.435547 6834.665039 0.500000
3855.634033 5112.067871 0.500000
2922.093018 7352.467773 0.500000
9004.872070 5902.944336 0.500000
2635.458984 930.930664 0.500000
7681.367676 4943.580078 0.500000
212.179199 4708.388184 0.500000
2359.657471 6596.230957 0.500000
1768.903198 5199.034668 0.500000
6646.173340 3375.000000 0.500000
8433.041992 3766.827148 0.500000
4694.546875 6789.290039 0.500000
7712.321289 1036.474976 0.500000
901.656921 172.325333 0.500000
468.409821 2214.145996 0.500000
7435.492676 286.310303 0.500000
9083.202148 380.566315 0.500000
7524.448730 2200.728027 0.500000
5413.482422 3546.106689 0.500000
5881.261719 786.296692 0.500000
6868.374512 7487.574219 0.500000
6307.831055 3159.261963 0.500000
2056.270264 1256.303833 0.500000
6886.534180 1904.685913 0.500000
9009.837891 2204.871582 0.500000
2239.694824 79.429153 0.500000
1554.090698 7303.233398 0.500000
6660.385254 5249.284180 0.500000
9922.350586 1498.772827 0.500000
9601.505859 6149.210938 0.500000
3428.277832 3567.981689 0.500000
1875.400146 536.249268 0.500000
8703.606445 2112.582031 0.500000
6769.691895 7570.946777 0.500000
4983.626953 6710.788574 0.500000
5885.970703 409.537811 0.500000
7077.991211 1582.274170 0.500000
8676.968750 6858.886230 0.500000
2962.459473 6732.104004 0.500000
1593.666870 6347.463867 0.500000
1136.665161 1001.464417 0.500000
9929.596680 2432.433594 0.500000
2616.509277 1326.161011 0.500000
6785.224121 6690.621582 0.500000
3272.098877 2594.639893 0.500000
2435.842773 7248.862793 0.500000
1631.849487 4836.100586 0.500000
9848.420898 3708.418945 0.500000
4559.508301 6013.046387 0.500000
1068.893677 7217.589355 0.500000
5162.937988 8054.845215 0.500000
3644.717529 7933.887695 0.500000
2727.163330 1935.478394 0.500000
4371.645996 7312.421387 0.500000
5384.599609 1840.902954 0.500000
4695.763184 3722.294189 0.500000
4449.930176 4957.524414 0.500000
6106.292969 4771.327148 0.500000
6245.136230 334.486084 0.500000
4708.710938 1117.274536 0.500000
1018.423889 5190.403320 0.500000
8492.851562 8043.354492 0.500000
8942.095703 2133.876953 0.500000
989.663818 5571.052246 0.500000
1295.546997 1797.328857 0.500000
4763.272949 5494.994141 0.500000
7198.713867 970.086731 0.500000
5599.761719 5801.380371 0.500000
8548.485352 2719.260986 0.500000
8927.242188 6427.332520 0.500000
8234.802734 7169.559082 0.500000
7512.930176 5893.904785 0.500000
6611.122559 4979.303223 0.500000
8050.988281 5698.415039 0.500000
8537.652344 6663.362793 0.500000
1263.113647 2390.285400 0.500000
8538.714844 74.546181 0.500000
1945.805054 4498.745605 0.500000
1223.107056 3267.802490 0.500000
850.029297 2341.263672 0.500000
1800.565186 858.218262 0.500000
9142.752930 6820.011719 0.500000
6456.010742 4032.031494 0.500000
6357.801270 2401.256348 0.500000
3139.672607 1161.607788 0.500000
2091.322510 2100.488770 0.500000
7813.614258 861.693726 0.500000
4691.181152 2349.246826 0.500000
8720.614258 3255.975098 0.500000
6081.752441 3862.864502 0.500000
1388.406494 5233.689453 0.500000
5549.299316 4480.354004 0.500000
6991.983887 1567.712036 0.500000
4578.457031 6601.140137 0.500000
9188.682617 1023.192200 0.500000
2052.906006 2627.696045 0.500000
7809.901855 806.145935 0.500000
3607.885742 4500.128906 0.500000
4936.917480 3407.525635 0.500000
280.183716 194.096268 0.500000
8455.226562 1233.673950 0.500000
7646.348145 5617.317871 0.500000
5271.582031 3135.431641 0.500000
7847.149902 6738.819824 0.500000
3358.742188 6022.396973 0.500000
249.110199 7596.025391 0.500000
9671.667969 5771.491699 0.500000
129.429688 569.841187 0.500000
3428.901123 4461.319824 0.500000
727.889954 4610.230469 0.500000
2766.724609 3304.336426 0.500000
1265.870605 1348.356323 0.500000
5273.181152 5508.801758 0.500000
1179.368408 3714.203857 0.500000
5232.533203 6337.319824 0.500000
507.049622 6461.256836 0.500000
8969.738281 6133.003906 0.500000
8383.716797 6160.754883 0.500000
3345.264404 815.256836 0.500000
2480.097900 1323.984131 0.500000
1789.869629 3471.301514 0.500000
2568.086670 4412.397949 0.500000
283.948883 549.128418 0.500000
1834.540283 1420.704346 0.500000
1718.218872 5549.766602 0.500000
9028.766602 5881.006836 0.500000
5753.789551 4988.621094 0.500000
9593.491211 3625.255615 0.500000
4090.455566 6237.539551 0.500000
4071.901611 129.497818 0.500000
9723.113281 1491.727173 0.500000
9434.015625 3479.401367 0.500000
770.858337 3631.337891 0.500000
8880.723633 5029.468262 0.500000
1575.062866 6334.112793 0.500000
2088.118164 5489.166992 0.500000
588.899780 2012.157593 0.500000
6654.174805 1621.075195 0.500000
348.074127 4832.261230 0.500000
4974.997559 8028.535645 0.500000
1197.536133 7741.628906 0.500000
1672.713745 7222.377930 0.500000
7571.500977 7765.638184 0.500000
4101.780273 6801.712402 0.500000
2333.219482 7991.303711 0.500000
7403.451660 1568.232056 0.500000
9739.427734 1965.254395 0.500000
8230.785156 7236.874512 0.500000
1181.142212 7440.347656 0.500000
1826.062012 3337.431152 0.500000
2565.542969 4223.608398 0.500000
5094.554688 5491.680664 0.500000
1901.084595 3475.546387 0.500000
3159.380859 6695.833984 0.500000
623.884094 469.747742 0.500000
5903.112793 6343.553711 0.500000
7960.533691 6069.759277 0.500000
2469.838623 4583.484863 0.500000
8914.816406 5456.486816 0.500000
1335.423950 6847.803711 0.500000
3679.062500 808.433228 0.500000
5603.545410 4826.603516 0.500000
6462.788574 6278.214844 0.500000
6932.749512 716.106018 0.500000
5814.052734 1141.244873 0.500000
4586.860840 5809.244629 0.500000
5244.392090 4105.771973 0.500000
8280.645508 6014.485352 0.500000
284.497925 5077.958984 0.500000
1479.521240 6074.955566 0.500000
6760.613770 930.509216 0.500000
7245.213379 5357.750000 0.500000
4511.132324 2450.555176 0.500000
6034.972656 7946.062988 0.500000
5838.414062 4517.486328 0.500000
6159.776367 102.628662 0.500000
4322.413086 4241.221191 0.500000
9970.850586 2795.019287 0.500000
1285.375000 2947.397217 0.500000
9307.828125 4060.202881 0.500000
5813.772949 1392.367432 0.500000
3259.052490 7138.999023 0.500000
6643.320801 2663.279053 0.500000
7787.564453 7437.252441 0.500000
9756.262695 4028.254639 0.500000
3093.201416 877.532898 0.500000
3591.791504 4275.141113 0.500000
9132.468750 4187.338867 0.500000
2119.771484 5144.110840 0.500000
1358.816284 4523.444336 0.500000
8090.126465 1094.642700 0.500000
5927.466797 3637.638672 0.500000
379.482086 875.536255 0.500000
7799.260254 7058.049805 0.500000
5069.053223 6797.786133 0.500000
7893.212891 1182.489258 0.500000
793.302551 3992.904297 0.500000
8889.212891 3231.303223 0.500000
425.891205 4858.670898 0.500000
5548.534180 5874.467285 0.500000
5671.364746 4275.146973 0.500000
7460.096680 937.719971 0.500000
8079.843750 1166.435547 0.500000
1961.639648 7358.349121 0.500000
5030.754883 3331.023682 0.500000
3060.306152 1573.445923 0.500000
2115.169434 2134.744873 0.500000
6422.858398 1177.641479 0.500000
5888.924316 1443.655518 0.500000
1703.843262 5826.684570 0.500000
3080.542236 2283.430664 0.500000
5752.694336 177.762253 0.500000
2899.253906 6595.177734 0.500000
1068.641724 70.457214 0.500000
7953.521973 4037.352295 0.500000
3259.659668 6420.618164 0.500000
9955.754883 8044.287109 0.500000
1583.100098 5105.000977 0.500000
7149.663086 1736.598145 0.500000
8709.917969 3029.689209 0.500000
7527.777832 5429.218262 0.500000
1613.272827 1951.328369 0.500000
6784.167480 4205.158203 0.500000
3354.646240 4987.744141 0.500000
9014.268555 3278.635986 0.500000
8766.787109 5822.120117 0.500000
425.316895 5722.185059 0.500000
4658.659180 6918.235840 0.500000
305.528107 4563.075684 0.500000
7667.313477 3461.874756 0.500000
2242.051758 1410.601074 0.500000
9576.606445 2630.901123 0.500000
7080.576660 8006.995605 0.500000
2738.906250 2601.819580 0.500000
8403.535156 1745.221924 0.500000
9039.917969 689.726379 0.500000
7613.462402 955.278931 0.500000
6144.437012 4623.124023 0.500000
975.601685 4792.403809 0.500000
7886.179688 2853.272949 0.500000
8514.716797 4578.916016 0.500000
5846.853516 4174.264160 0.500000
5540.385742 1763.579346 0.500000
414.467285 3888.539307 0.500000
1428.039429 2541.102051 0.500000
6454.523926 1705.119019 0.500000
8673.483398 7747.708496 0.500000
7960.568848 4584.657715 0.500000
5803.983398 5292.468750 0.500000
9258.489258 3529.238525 0.500000
6968.706055 2271.156738 0.500000
6367.511719 6893.941406 0.500000
8973.278320 3245.421143 0.500000
1504.875977 3502.253906 0.500000
7192.449219 4573.684082 0.500000
4999.767090 1659.847534 0.500000
3598.717773 529.364441 0.500000
3319.717041 6850.919922 0.500000
8726.524414 3414.250244 0.500000
10044.568359 2753.930908 0.500000
4861.062500 253.336823 0.500000
5308.358887 5294.568848 0.500000
897.764771 4405.028809 0.500000
8600.156250 5538.211426 0.500000
1103.940308 3217.437256 0.500000
6688.151367 7159.427734 0.500000
4342.209961 1950.409302 0.500000
1584.677124 4542.161133 0.500000
4465.089844 3454.306396 0.500000
3878.951416 3425.750488 0.500000
7617.541016 7256.265625 0.500000
4130.276367 3421.267578 0.500000
9154.310547 4066.521973 0.500000
8164.729492 2877.106445 0.500000
1481.102539 3688.061768 0.500000
421.766754 961.988892 0.500000
1361.147339 4375.507324 0.500000
2892.627930 5572.825684 0.500000
2896.678223 1060.101562 0.500000
7082.379883 4101.303711 0.500000
4642.925781 2122.171631 0.500000
2452.120850 5365.361328 0.500000
6782.576172 4621.313965 0.500000
6542.272461 3081.951904 0.500000
3141.185791 4196.028320 0.500000
3676.864746 4458.727539 0.500000
3068.977295 5476.397461 0.500000
4821.340820 7724.902344 0.500000
2173.573730 1951.661621 0.500000
3757.299316 7567.426270 0.500000
9536.987305 3197.626953 0.500000
4308.399902 5092.100586 0.500000
3270.197510 2441.916016 0.500000
7225.243164 7623.602051 0.500000
4708.395020 2046.870117 0.500000
6713.892578 4925.657227 0.500000
9849.788086 7315.892090 0.500000
8378.191406 3089.483154 0.500000
3788.880615 4760.091797 0.500000
452.045197 7703.523438 0.500000
2151.736816 7267.029297 0.500000
6425.396973 2628.375244 0.500000
7323.202637 5180.328613 0.500000
3919.365234 2885.910645 0.500000
4283.713379 6593.728516 0.500000
9802.451172 3888.343506 0.500000
832.045105 3703.244629 0.500000
8594.341797 2335.439209 0.500000
5931.469727 5304.252441 0.500000
5630.408203 5591.286133 0.500000
4693.437500 7244.344727 0.500000
7668.583008 4307.098633 0.500000
6927.866211 2091.409668 0.500000
9158.964844 5165.092285 0.500000
838.851746 506.597809 0.500000
4984.211426 283.454651 0.500000
5206.610352 875.890381 0.500000
4480.125977 7706.802246 0.500000
7531.198730 4372.592285 0.500000
6453.303223 796.422791 0.500000
4908.838867 4492.219238 0.500000
2354.692627 2554.109131 0.500000
3004.364746 8045.692871 0.500000
10033.153320 7305.386719 0.500000
615.802063 7903.292969 0.500000
9321.406250 3807.781494 0.500000
2828.159912 7916.009766 0.500000
876.150940 3415.370117 0.500000
1763.471069 1366.845581 0.500000
9184.101562 6477.027832 0.500000
3524.787354 2320.939941 0.500000
6812.764648 4137.111328 0.500000
5408.132812 6475.417480 0.500000
6539.193848 6437.687012 0.500000
4045.213379 6856.330566 0.500000
2115.004883 6246.576660 0.500000
470.920441 418.268982 0.500000
9835.304688 1046.152100 0.500000
8751.999023 2387.165283 0.500000
3057.575684 1667.060791 0.500000
8272.742188 4423.625000 0.500000
9025.636719 1797.703003 0.500000
2904.744141 6067.892578 0.500000
6728.229980 3222.104004 0.500000
9589.760742 6396.929199 0.500000
2248.089355 8020.466309 0.500000
9562.925781 297.669922 0.500000
6690.380859 100.930374 0.500000
8000.882812 7058.549805 0.500000
960.331238 1414.621216 0.500000
1912.328247 7987.066895 0.500000
5685.613281 7139.606445 0.500000
4554.780762 1372.848511 0.500000
1429.294556 6703.986328 0.500000
6247.406738 6309.906250 0.500000
9544.821289 8040.402344 0.500000
577.644592 7624.754883 0.500000
2049.535156 4900.474121 0.500000
4756.543945 3229.429443 0.500000
382.044281 3924.967529 0.500000
8000.435059 5385.615723 0.500000
1086.006348 1853.813599 0.500000
6327.021484 5438.173340 0.500000
9066.315430 6510.612305 0.500000
5762.980957 3430.317627 0.500000
367.333923 3000.120361 0.500000
4884.676270 3388.097168 0.500000
9705.831055 4959.016602 0.500000
4600.800293 680.531250 0.500000
8211.885742 911.306091 0.500000
3531.361816 7264.901855 0.500000
8722.271484 8061.443359 0.500000
2759.751465 5045.134277 0.500000
8424.045898 4230.366699 0.500000
2392.886230 760.744446 0.500000
4146.333008 979.696655 0.500000
5852.375977 4829.189941 0.500000
6993.841797 4528.393066 0.500000
4181.011230 124.738358 0.500000
5319.867676 6648.274414 0.500000
1290.643677 1385.122559 0.500000
3895.966064 293.849945 0.500000
8741.349609 2435.562988 0.500000
316.276642 1104.609863 0.500000
9910.739258 2951.477051 0.500000
3736.448730 6207.571777 0.500000
1228.523926 2809.794922 0.500000
2869.710693 329.402008 0.500000
629.443604 3613.366699 0.500000
9154.567383 7812.619141 0.500000
8761.826172 748.625549 0.500000
7356.755859 3803.502441 0.500000
5930.463867 2727.563232 0.500000
729.871277 2905.481445 0.500000
726.393311 2769.368652 0.500000
1602.912476 5696.042969 0.500000
3631.862549 6607.124512 0.500000
1617.820557 812.210693 0.500000
5171.716309 1241.817749 0.500000
8814.252930 497.977142 0.500000
692.013123 7463.495117 0.500000
4211.859863 5274.772949 0.500000
8030.765137 1939.754395 0.500000
4828.380859 2450.074219 0.500000
2933.852295 2957.598633 0.500000
4645.165039 4169.572266 0.500000
4028.553711 7012.192383 0.500000
6841.493652 211.147339 0.500000
9997.728516 4291.332031 0.500000
7598.168945 3273.983643 0.500000
4867.783691 3753.876953 0.500000
3002.317383 7062.634766 0.500000
5802.833984 5415.606445 0.500000
1945.386230 1194.855835 0.500000
1636.548950 3476.491943 0.500000
4706.962402 7133.492188 0.500000
4812.976562 2269.928467 0.500000
3088.215088 7692.095215 0.500000
2307.488037 7625.894531 0.500000
3005.339111 5631.193359 0.500000
4256.235840 1442.110229 0.500000
4741.905273 3778.770996 0.500000
1739.005005 341.177765 0.500000
1083.098511 1828.394043 0.500000
3409.156982 3067.401123 0.500000
9348.673828 6774.067383 0.500000
439.263275 2540.936523 0.500000
188.285767 4946.632324 0.500000
133.462784 6724.865723 0.500000
5351.610840 1038.955322 0.500000
4591.683594 4383.377441 0.500000
8435.993164 93.126945 0.500000
1031.101562 1414.476929 0.500000
298.073242 2208.681641 0.500000
985.190063 4872.315430 0.500000
5931.404297 4284.476562 0.500000
9701.782227 4561.237793 0.500000
6244.776855 4636.290527 0.500000
2306.983643 4667.283203 0.500000
7791.229980 867.046570 0.500000
245.187531 4481.064453 0.500000
4412.138184 3159.713867 0.500000
3229.102051 3912.129395 0.500000
2404.011719 4075.417236 0.500000
3787.354004 4790.934082 0.500000
8920.778320 1456.671265 0.500000
2445.946777 1152.621460 0.500000
9051.336914 6095.212891 0.500000
1774.664795 7873.041504 0.500000
2798.917725 6033.501465 0.500000
5049.334473 6154.286133 0.500000
2702.052246 1599.005371 0.500000
404.076294 4117.930664 0.500000
9784.710938 5973.738770 0.500000
1876.556641 916.325684 0.500000
9949.468750 8009.590820 0.500000
3316.423340 1874.102539 0.500000
2292.182617 1047.296875 0.500000
6970.131836 2397.306396 0.500000
7403.635742 4570.497070 0.500000
8849.404297 527.323853 0.500000
5819.021973 2622.664551 0.500000
6653.581543 2871.146240 0.500000
2304.086670 2633.745850 0.500000
2958.908691 4065.644531 0.500000
9508.338867 3960.657959 0.500000
7818.480469 6549.762207 0.500000
7496.217285 290.695343 0.500000
4706.227051 5816.247559 0.500000
1660.592529 3665.202148 0.500000
6055.643555 2676.105225 0.500000
8056.469727 7276.521973 0.500000
1995.109497 4522.665527 0.500000
990.963806 6298.166016 0.500000
7353.144043 574.939819 0.500000
4803.706055 115.421425 0.500000
2168.527588 6322.782227 0.500000
1798.654297 4246.143555 0.500000
2665.324707 7952.218750 0.500000
6448.302734 1185.549316 0.500000
5866.407715 5976.136719 0.500000
5874.072754 4349.767090 0.500000
9078.452148 5876.945801 0.500000
5803.520020 6597.102539 0.500000
5739.089355 4405.477539 0.500000
681.617310 164.895889 0.500000
485.671356 1831.448486 0.500000
8372.775391 3200.738037 0.500000
6569.812500 5266.561035 0.500000
1952.016357 2347.724609 0.500000
1828.122314 6986.224121 0.500000
4967.435059 3605.885498 0.500000
7108.877930 2800.871826 0.500000
4825.932617 7388.830078 0.500000
327.786133 3900.006348 0.500000
6463.645996 4371.544922 0.500000
2691.353516 4685.603516 0.500000
6719.687988 3313.445068 0.500000
5979.567871 492.264374 0.500000
5082.321777 1984.809448 0.500000
5593.640137 3377.781982 0.500000
3489.070068 7293.787598 0.500000
6730.179199 4905.848145 0.500000
7231.979492 683.129395 0.500000
5890.533691 870.297424 0.500000
9964.086914 5988.791992 0.500000
4191.046387 8075.534668 0.500000
630.239197 5374.807129 0.500000
985.419067 2079.253418 0.500000
7827.010742 6087.592285 0.500000
7538.018066 2481.872314 0.500000
5889.949707 5209.731445 0.500000
8661.978516 2517.435547 0.500000
4867.256348 228.431610 0.500000
214.405029 4886.321777 0.500000
347.613617 4793.084473 0.500000
5853.599121 60.114265 0.500000
7137.934570 490.360718 0.500000
2493.294922 1206.061523 0.500000
8379.791992 7420.277832 0.500000
6684.143555 5377.234375 0.500000
9124.772461 2009.654907 0.500000
603.813171 869.925842 0.500000
8105.643555 4705.418945 0.500000
6405.699219 4801.463379 0.500000
5722.063477 5004.566406 0.500000
2438.285645 1607.773071 0.500000
9136.016602 7268.186523 0.500000
2484.447754 1170.750732 0.500000
8338.645508 7829.231934 0.500000
1730.433228 5099.937500 0.500000
